
03/26/20 21:26:27|FF16_2150_Middle2_EH.txt|list index out of range||list index out of range||||||list index out of range||||
03/26/20 22:08:14|FF16_2150_Middle2_EH.txt|23.61|30.91|0|92|1|0|276|perf-batt-PIR-reed-light|23.75|100556|b0 62 24 4f |14 01 5c 01 |47 09 00 cc 88 01 
03/26/20 22:09:29|FF16_2150_Middle2_EH.txt|23.63|30.91|0|92|1|0|274|perf-batt-PIR-reed-light|23.77|100556|b8 62 24 4f |12 01 5c 01 |49 09 00 cc 88 01 
03/26/20 22:10:46|FF16_2150_Middle2_EH.txt|23.65|30.91|0|92|1|0|273|perf-batt-PIR-reed-light|23.77|100554|c0 62 24 4f |11 01 5c 01 |49 09 00 ca 88 01 
03/26/20 22:13:04|FF16_2150_Middle2_EH.txt|23.61|31.01|0|92|0|0|5|perf-batt-PIR-reed-light|23.74|100552|b0 62 60 4f |05 00 5c 00 |46 09 00 c8 88 01 
03/26/20 22:23:20|FF16_2150_Middle2_EH.txt|23.55|31.2|0|91|0|0|5|perf-batt-PIR-reed-light|23.69|100557|98 62 e0 4f |05 00 5b 00 |41 09 00 cd 88 01 
03/26/20 22:33:48|FF16_2150_Middle2_EH.txt|list index out of range||0|91|0|0|5|perf-batt-PIR-reed-light|23.65|100568||05 00 5b 00 |3d 09 00 d8 88 01 
03/26/20 22:44:13|FF16_2150_Middle2_EH.txt|-40.0|0.0|0|91|0|0|5|perf-batt-PIR-reed-light|23.59|100567|00 00 00 00 |05 00 5b 00 |37 09 00 d7 88 01 
03/26/20 22:54:37|FF16_2150_Middle2_EH.txt|-40.0|0.0|0|91|0|0|5|perf-batt-PIR-reed-light|23.52|100550|00 00 00 00 |05 00 5b 00 |30 09 00 c6 88 01 
03/26/20 23:05:01|FF16_2150_Middle2_EH.txt|-40.0|0.0|0|91|0|0|5|perf-batt-PIR-reed-light|23.43|100555|00 00 00 00 |05 00 5b 00 |27 09 00 cb 88 01 
03/26/20 23:15:16|FF16_2150_Middle2_EH.txt|23.28|31.68|0|91|0|0|5|perf-batt-PIR-reed-light|23.43|100566|30 62 1c 51 |05 00 5b 00 |27 09 00 d6 88 01 
03/26/20 23:25:35|FF16_2150_Middle2_EH.txt|23.27|31.78|0|91|0|0|5|perf-batt-PIR-reed-light|23.4|100539|2c 62 5c 51 |05 00 5b 00 |24 09 00 bb 88 01 
03/26/20 23:35:53|FF16_2150_Middle2_EH.txt|23.22|31.86|0|91|0|0|5|perf-batt-PIR-reed-light|23.37|100550|18 62 90 51 |05 00 5b 00 |21 09 00 c6 88 01 
03/26/20 23:46:10|FF16_2150_Middle2_EH.txt|-40.0|0.0|0|91|0|0|5|perf-batt-PIR-reed-light|23.34|100530|00 00 00 00 |05 00 5b 00 |1e 09 00 b2 88 01 
03/26/20 23:56:26|FF16_2150_Middle2_EH.txt|23.16|32.15|0|90|0|0|5|perf-batt-PIR-reed-light|23.3|100546|00 62 50 52 |05 00 5a 00 |1a 09 00 c2 88 01 
03/27/20 00:06:51|FF16_2150_Middle2_EH.txt|list index out of range||0|90|0|0|5|perf-batt-PIR-reed-light|23.29|100529||05 00 5a 00 |19 09 00 b1 88 01 
03/27/20 00:17:09|FF16_2150_Middle2_EH.txt|23.13|32.24|0|90|0|0|5|perf-batt-PIR-reed-light|23.29|100525|f4 61 8c 52 |05 00 5a 00 |19 09 00 ad 88 01 
03/27/20 00:27:27|FF16_2150_Middle2_EH.txt|23.1|32.34|0|90|0|0|5|perf-batt-PIR-reed-light|23.25|100518|e8 61 cc 52 |05 00 5a 00 |15 09 00 a6 88 01 
03/27/20 00:37:51|FF16_2150_Middle2_EH.txt|-40.0|0.0|0|90|0|0|5|perf-batt-PIR-reed-light|23.22|100518|00 00 00 00 |05 00 5a 00 |12 09 00 a6 88 01 
03/27/20 00:48:08|FF16_2150_Middle2_EH.txt|23.04|32.73|0|90|0|0|5|perf-batt-PIR-reed-light|23.16|100524|d0 61 cc 53 |05 00 5a 00 |0c 09 00 ac 88 01 
03/27/20 00:58:35|FF16_2150_Middle2_EH.txt|-40.0|0.0|0|90|0|0|5|perf-batt-PIR-reed-light|23.15|100516|00 00 00 00 |05 00 5a 00 |0b 09 00 a4 88 01 
03/27/20 01:08:52|FF16_2150_Middle2_EH.txt|23.0|32.82|0|90|0|0|5|perf-batt-PIR-reed-light|23.14|100500|c0 61 08 54 |05 00 5a 00 |0a 09 00 94 88 01 
03/27/20 01:19:24|FF16_2150_Middle2_EH.txt|list index out of range||list index out of range||||||list index out of range||||
03/27/20 01:19:36|FF16_2150_Middle2_EH.txt|22.98|32.92|list index out of range||||||23.13|100474|b8 61 48 54 ||09 09 00 7a 88 01 
03/27/20 01:19:54|FF16_2150_Middle2_EH.txt|22.98|32.92|0|90|0|0|5|perf-batt-PIR-reed-light|23.12|100481|b8 61 48 54 |05 00 5a 00 |08 09 00 81 88 01 
03/27/20 01:50:10|FF16_2150_Middle2_EH.txt|22.94|33.22|0|89|0|0|5|perf-batt-PIR-reed-light|23.07|100506|a8 61 08 55 |05 00 59 00 |03 09 00 9a 88 01 
03/27/20 02:00:27|FF16_2150_Middle2_EH.txt|22.94|33.22|0|89|0|0|5|perf-batt-PIR-reed-light|23.09|100502|a8 61 08 55 |05 00 59 00 |05 09 00 96 88 01 
03/27/20 02:10:48|FF16_2150_Middle2_EH.txt|22.94|33.31|0|89|0|0|5|perf-batt-PIR-reed-light|23.09|100509|a8 61 48 55 |05 00 59 00 |05 09 00 9d 88 01 
03/27/20 02:21:07|FF16_2150_Middle2_EH.txt|22.91|33.4|0|89|0|0|5|perf-batt-PIR-reed-light|23.05|100488|9c 61 84 55 |05 00 59 00 |01 09 00 88 88 01 
03/27/20 02:31:24|FF16_2150_Middle2_EH.txt|22.88|33.48|0|89|0|0|5|perf-batt-PIR-reed-light|23.02|100478|90 61 b8 55 |05 00 59 00 |fe 08 00 7e 88 01 
03/27/20 02:41:38|FF16_2150_Middle2_EH.txt|22.85|33.58|0|89|0|0|5|perf-batt-PIR-reed-light|22.99|100489|84 61 f8 55 |05 00 59 00 |fb 08 00 89 88 01 
03/27/20 02:51:56|FF16_2150_Middle2_EH.txt|22.86|33.58|0|89|0|0|5|perf-batt-PIR-reed-light|23.0|100473|88 61 f8 55 |05 00 59 00 |fc 08 00 79 88 01 
03/27/20 03:02:19|FF16_2150_Middle2_EH.txt|list index out of range||0|88|0|0|5|perf-batt-PIR-reed-light|23.0|100457||05 00 58 00 |fc 08 00 69 88 01 
03/27/20 03:12:40|FF16_2150_Middle2_EH.txt|22.83|33.68|0|88|0|0|5|perf-batt-PIR-reed-light|22.99|100459|7c 61 38 56 |05 00 58 00 |fb 08 00 6b 88 01 
03/27/20 03:22:56|FF16_2150_Middle2_EH.txt|22.8|33.78|0|88|0|0|5|perf-batt-PIR-reed-light|22.94|100441|70 61 78 56 |05 00 58 00 |f6 08 00 59 88 01 
03/27/20 03:33:16|FF16_2150_Middle2_EH.txt|22.77|33.87|0|88|0|0|5|perf-batt-PIR-reed-light|22.93|100436|64 61 b8 56 |05 00 58 00 |f5 08 00 54 88 01 
03/27/20 03:43:38|FF16_2150_Middle2_EH.txt|-40.0|0.0|0|88|0|0|5|perf-batt-PIR-reed-light|22.93|100441|00 00 00 00 |05 00 58 00 |f5 08 00 59 88 01 
03/27/20 03:53:57|FF16_2150_Middle2_EH.txt|-40.0|0.0|0|88|0|0|5|perf-batt-PIR-reed-light|22.94|100438|00 00 00 00 |05 00 58 00 |f6 08 00 56 88 01 
03/27/20 04:04:12|FF16_2150_Middle2_EH.txt|22.79|33.87|0|88|0|0|5|perf-batt-PIR-reed-light|22.93|100429|6c 61 b8 56 |05 00 58 00 |f5 08 00 4d 88 01 
03/27/20 04:14:33|FF16_2150_Middle2_EH.txt|-40.0|0.0|0|88|0|0|5|perf-batt-PIR-reed-light|22.92|100431|00 00 00 00 |05 00 58 00 |f4 08 00 4f 88 01 
03/27/20 04:24:56|FF16_2150_Middle2_EH.txt|22.75|34.06|0|88|0|0|5|perf-batt-PIR-reed-light|22.89|100441|5c 61 34 57 |05 00 58 00 |f1 08 00 59 88 01 
03/27/20 04:35:13|FF16_2150_Middle2_EH.txt|22.75|34.06|0|88|0|0|5|perf-batt-PIR-reed-light|22.88|100439|5c 61 34 57 |05 00 58 00 |f0 08 00 57 88 01 
03/27/20 04:45:32|FF16_2150_Middle2_EH.txt|22.76|34.06|0|87|0|0|5|perf-batt-PIR-reed-light|22.89|100449|60 61 34 57 |05 00 57 00 |f1 08 00 61 88 01 
03/27/20 04:55:56|FF16_2150_Middle2_EH.txt|22.75|34.16|0|87|0|0|5|perf-batt-PIR-reed-light|22.87|100459|5c 61 74 57 |05 00 57 00 |ef 08 00 6b 88 01 
03/27/20 05:06:20|FF16_2150_Middle2_EH.txt|-40.0|0.0|0|87|0|0|5|perf-batt-PIR-reed-light|22.84|100466|00 00 00 00 |05 00 57 00 |ec 08 00 72 88 01 
03/27/20 05:16:43|FF16_2150_Middle2_EH.txt|-40.0|0.0|0|87|0|0|5|perf-batt-PIR-reed-light|22.81|100478|00 00 00 00 |05 00 57 00 |e9 08 00 7e 88 01 
03/27/20 05:26:59|FF16_2150_Middle2_EH.txt|22.65|34.55|0|87|0|0|5|perf-batt-PIR-reed-light|22.8|100488|34 61 70 58 |05 00 57 00 |e8 08 00 88 88 01 
03/27/20 05:37:25|FF16_2150_Middle2_EH.txt|-40.0|0.0|0|87|0|0|5|perf-batt-PIR-reed-light|22.8|100496|00 00 00 00 |05 00 57 00 |e8 08 00 90 88 01 
03/27/20 05:47:46|FF16_2150_Middle2_EH.txt|22.57|35.22|0|87|0|0|5|perf-batt-PIR-reed-light|22.71|100504|14 61 2c 5a |05 00 57 00 |df 08 00 98 88 01 
03/27/20 05:58:09|FF16_2150_Middle2_EH.txt|-40.0|0.0|0|87|0|0|5|perf-batt-PIR-reed-light|22.51|100507|00 00 00 00 |05 00 57 00 |cb 08 00 9b 88 01 
03/27/20 06:08:27|FF16_2150_Middle2_EH.txt|22.27|36.07|0|87|0|0|5|perf-batt-PIR-reed-light|22.4|100515|9c 60 58 5c |05 00 57 00 |c0 08 00 a3 88 01 
03/27/20 06:18:49|FF16_2150_Middle2_EH.txt|22.14|36.36|0|86|0|0|5|perf-batt-PIR-reed-light|22.26|100527|68 60 18 5d |05 00 56 00 |b2 08 00 af 88 01 
03/27/20 06:29:07|FF16_2150_Middle2_EH.txt|21.99|36.44|0|86|0|0|5|perf-batt-PIR-reed-light|22.11|100539|2c 60 4c 5d |05 00 56 00 |a3 08 00 bb 88 01 
03/27/20 06:39:24|FF16_2150_Middle2_EH.txt|21.88|36.44|0|86|0|0|6|perf-batt-PIR-reed-light|22.02|100557|00 60 4c 5d |06 00 56 00 |9a 08 00 cd 88 01 
03/27/20 06:49:44|FF16_2150_Middle2_EH.txt|21.91|36.44|0|86|0|0|11|perf-batt-PIR-reed-light|22.04|100565|0c 60 4c 5d |0b 00 56 00 |9c 08 00 d5 88 01 
03/27/20 07:00:12|FF16_2150_Middle2_EH.txt|list index out of range||0|86|0|0|21|perf-batt-PIR-reed-light|22.01|100564||15 00 56 00 |99 08 00 d4 88 01 
03/27/20 07:10:25|FF16_2150_Middle2_EH.txt|21.91|36.73|0|86|0|0|120|perf-batt-PIR-reed-light|22.04|100581|0c 60 08 5e |78 00 56 00 |9c 08 00 e5 88 01 
03/27/20 07:20:38|FF16_2150_Middle2_EH.txt|21.94|36.54|0|86|0|0|209|perf-batt-PIR-reed-light|22.06|100591|18 60 8c 5d |d1 00 56 00 |9e 08 00 ef 88 01 
03/27/20 07:31:02|FF16_2150_Middle2_EH.txt|22.0|36.44|0|86|0|0|237|perf-batt-PIR-reed-light|22.11|100616|30 60 4c 5d |ed 00 56 00 |a3 08 00 08 89 01 
03/27/20 07:41:20|FF16_2150_Middle2_EH.txt|22.07|36.25|0|86|0|0|269|perf-batt-PIR-reed-light|22.19|100634|4c 60 cc 5c |0d 01 56 00 |ab 08 00 1a 89 01 
03/27/20 07:51:38|FF16_2150_Middle2_EH.txt|22.12|36.17|0|86|0|0|322|perf-batt-PIR-reed-light|22.24|100639|60 60 98 5c |42 01 56 00 |b0 08 00 1f 89 01 
03/27/20 08:01:58|FF16_2150_Middle2_EH.txt|22.21|35.98|0|87|0|0|367|perf-batt-PIR-reed-light|22.33|100658|84 60 1c 5c |6f 01 57 00 |b9 08 00 32 89 01 
03/27/20 08:12:20|FF16_2150_Middle2_EH.txt|22.37|35.69|0|87|0|0|403|perf-batt-PIR-reed-light|22.5|100682|c4 60 5c 5b |93 01 57 00 |ca 08 00 4a 89 01 
03/27/20 08:22:40|FF16_2150_Middle2_EH.txt|22.55|35.42|0|87|0|0|426|perf-batt-PIR-reed-light|22.7|100697|0c 61 ac 5a |aa 01 57 00 |de 08 00 59 89 01 
03/27/20 08:32:58|FF16_2150_Middle2_EH.txt|22.64|35.32|0|87|0|0|456|perf-batt-PIR-reed-light|22.77|100709|30 61 6c 5a |c8 01 57 00 |e5 08 00 65 89 01 
03/27/20 08:43:16|FF16_2150_Middle2_EH.txt|22.79|34.94|0|88|0|0|483|perf-batt-PIR-reed-light|22.92|100720|6c 61 70 59 |e3 01 58 00 |f4 08 00 70 89 01 
03/27/20 08:53:31|FF16_2150_Middle2_EH.txt|22.97|34.86|0|88|0|0|510|perf-batt-PIR-reed-light|23.1|100735|b4 61 3c 59 |fe 01 58 00 |06 09 00 7f 89 01 
03/27/20 09:03:53|FF16_2150_Middle2_EH.txt|23.13|34.38|0|88|0|0|557|perf-batt-PIR-reed-light|23.27|100740|f4 61 00 58 |2d 02 58 00 |17 09 00 84 89 01 
03/27/20 09:14:14|FF16_2150_Middle2_EH.txt|23.32|33.81|0|89|0|0|536|perf-batt-PIR-reed-light|23.44|100741|3c 62 8c 56 |18 02 59 00 |28 09 00 85 89 01 
03/27/20 09:24:34|FF16_2150_Middle2_EH.txt|23.43|33.62|0|89|0|0|542|perf-batt-PIR-reed-light|23.6|100745|68 62 10 56 |1e 02 59 00 |38 09 00 89 89 01 
03/27/20 09:34:54|FF16_2150_Middle2_EH.txt|-40.0|0.0|0|89|0|0|493|perf-batt-PIR-reed-light|23.76|100768|00 00 00 00 |ed 01 59 00 |48 09 00 a0 89 01 
03/27/20 09:45:16|FF16_2150_Middle2_EH.txt|list index out of range||0|89|0|0|445|perf-batt-PIR-reed-light|23.89|100792||bd 01 59 00 |55 09 00 b8 89 01 
03/27/20 09:52:52|FF16_2150_Middle2_EH.txt|23.8|31.99|0|90|1|0|560|perf-batt-PIR-reed-light|23.97|100793|fc 62 e4 51 |30 02 5a 01 |5d 09 00 b9 89 01 
03/27/20 10:04:08|FF16_2150_Middle2_EH.txt|24.08|32.49|0|90|0|0|598|perf-batt-PIR-reed-light|24.2|100802|6c 63 2c 53 |56 02 5a 00 |74 09 00 c2 89 01 
03/27/20 10:14:30|FF16_2150_Middle2_EH.txt|-40.0|0.0|0|90|0|0|632|perf-batt-PIR-reed-light|24.49|100818|00 00 00 00 |78 02 5a 00 |91 09 00 d2 89 01 
03/27/20 10:16:46|FF16_2150_Middle2_EH.txt|24.4|32.12|0|91|0|0|404|perf-batt-PIR-reed-light|24.55|100823|ec 63 38 52 |94 01 5b 00 |97 09 00 d7 89 01 
03/27/20 10:18:05|FF16_2150_Middle2_EH.txt|24.43|32.12|0|91|0|0|554|perf-batt-PIR-reed-light|24.57|100825|f8 63 38 52 |2a 02 5b 00 |99 09 00 d9 89 01 
03/27/20 10:21:58|FF16_2150_Middle2_EH.txt|24.45|31.83|0|91|1|0|365|perf-batt-PIR-reed-light|24.58|100833|00 64 7c 51 |6d 01 5b 01 |9a 09 00 e1 89 01 
03/27/20 10:23:17|FF16_2150_Middle2_EH.txt|24.55|32.99|0|91|1|0|393|perf-batt-PIR-reed-light|24.68|100840|28 64 74 54 |89 01 5b 01 |a4 09 00 e8 89 01 
03/27/20 10:25:36|FF16_2150_Middle2_EH.txt|24.57|31.73|0|91|0|0|580|perf-batt-PIR-reed-light|24.69|100836|30 64 3c 51 |44 02 5b 00 |a5 09 00 e4 89 01 
03/27/20 10:27:37|FF16_2150_Middle2_EH.txt|24.57|31.73|0|91|1|0|628|perf-batt-PIR-reed-light|24.72|100838|30 64 3c 51 |74 02 5b 01 |a8 09 00 e6 89 01 
03/27/20 10:30:16|FF16_2150_Middle2_EH.txt|24.61|31.73|0|91|1|0|601|perf-batt-PIR-reed-light|24.75|100841|40 64 3c 51 |59 02 5b 01 |ab 09 00 e9 89 01 
03/27/20 10:41:33|FF16_2150_Middle2_EH.txt|24.8|31.16|0|91|0|0|612|perf-batt-PIR-reed-light|24.93|100847|88 64 c8 4f |64 02 5b 00 |bd 09 00 ef 89 01 
03/27/20 10:46:45|FF16_2150_Middle2_EH.txt|-40.0|0.0|0|91|1|0|591|perf-batt-PIR-reed-light|24.99|100847|00 00 00 00 |4f 02 5b 01 |c3 09 00 ef 89 01 
03/27/20 10:58:02|FF16_2150_Middle2_EH.txt|25.0|30.58|0|92|0|0|583|perf-batt-PIR-reed-light|25.15|100858|d8 64 4c 4e |47 02 5c 00 |d3 09 00 fa 89 01 
03/27/20 11:02:05|FF16_2150_Middle2_EH.txt|25.03|30.29|0|92|1|0|433|perf-batt-PIR-reed-light|25.18|100858|e4 64 8c 4d |b1 01 5c 01 |d6 09 00 fa 89 01 
03/27/20 11:04:18|FF16_2150_Middle2_EH.txt|25.02|30.0|0|92|0|0|584|perf-batt-PIR-reed-light|25.17|100859|e0 64 d0 4c |48 02 5c 00 |d5 09 00 fb 89 01 
03/27/20 11:13:34|FF16_2150_Middle2_EH.txt|25.05|28.85|0|92|0|0|564|perf-batt-PIR-reed-light|25.21|100866|ec 64 d8 49 |34 02 5c 00 |d9 09 00 02 8a 01 
03/27/20 11:50:10|FF16_2150_Middle2_EH.txt|25.14|28.08|0|93|1|0|542|perf-batt-PIR-reed-light|25.29|100859|10 65 e4 47 |1e 02 5d 01 |e1 09 00 fb 89 01 
03/27/20 11:53:04|FF16_2150_Middle2_EH.txt|25.17|28.96|0|93|1|0|519|perf-batt-PIR-reed-light|25.32|100859|1c 65 20 4a |07 02 5d 01 |e4 09 00 fb 89 01 
03/27/20 11:55:30|FF16_2150_Middle2_EH.txt|list index out of range||0|93|0|0|488|perf-batt-PIR-reed-light|25.37|100858||e8 01 5d 00 |e9 09 00 fa 89 01 
03/27/20 12:14:50|FF16_2150_Middle2_EH.txt|25.13|28.28|0|94|1|0|468|perf-batt-PIR-reed-light|25.3|100847|0c 65 64 48 |d4 01 5e 01 |e2 09 00 ef 89 01 
03/27/20 12:21:16|FF16_2150_Middle2_EH.txt|list index out of range||0|94|1|0|483|perf-batt-PIR-reed-light|25.28|100850||e3 01 5e 01 |e0 09 00 f2 89 01 
03/27/20 12:28:42|FF16_2150_Middle2_EH.txt|-40.0|0.0|0|94|1|0|479|perf-batt-PIR-reed-light|25.27|100851|00 00 00 00 |df 01 5e 01 |df 09 00 f3 89 01 
03/27/20 12:30:15|FF16_2150_Middle2_EH.txt|25.09|28.45|0|94|1|0|475|perf-batt-PIR-reed-light|25.26|100841|fc 64 d8 48 |db 01 5e 01 |de 09 00 e9 89 01 
03/27/20 12:44:11|FF16_2150_Middle2_EH.txt|25.06|29.13|0|94|1|0|465|perf-batt-PIR-reed-light|25.23|100847|f0 64 94 4a |d1 01 5e 01 |db 09 00 ef 89 01 
03/27/20 12:45:58|FF16_2150_Middle2_EH.txt|-40.0|0.0|0|94|1|0|457|perf-batt-PIR-reed-light|25.23|100840|00 00 00 00 |c9 01 5e 01 |db 09 00 e8 89 01 
03/27/20 13:01:13|FF16_2150_Middle2_EH.txt|25.0|29.61|0|95|1|0|453|perf-batt-PIR-reed-light|25.18|100841|d8 64 d0 4b |c5 01 5f 01 |d6 09 00 e9 89 01 
03/27/20 13:15:41|FF16_2150_Middle2_EH.txt|24.96|30.1|0|95|1|0|438|perf-batt-PIR-reed-light|25.12|100839|c8 64 10 4d |b6 01 5f 01 |d0 09 00 e7 89 01 
03/27/20 13:25:42|FF16_2150_Middle2_EH.txt|24.91|30.29|0|95|1|0|439|perf-batt-PIR-reed-light|25.08|100836|b4 64 8c 4d |b7 01 5f 01 |cc 09 00 e4 89 01 
03/27/20 13:29:58|FF16_2150_Middle2_EH.txt|24.9|29.33|0|95|0|0|437|perf-batt-PIR-reed-light|25.06|100836|b0 64 14 4b |b5 01 5f 00 |ca 09 00 e4 89 01 
03/27/20 13:36:01|FF16_2150_Middle2_EH.txt|24.87|28.17|0|95|1|0|425|perf-batt-PIR-reed-light|25.03|100831|a4 64 1c 48 |a9 01 5f 01 |c7 09 00 df 89 01 
03/27/20 13:40:36|FF16_2150_Middle2_EH.txt|24.83|27.68|0|96|1|0|424|perf-batt-PIR-reed-light|24.97|100829|94 64 dc 46 |a8 01 60 01 |c1 09 00 dd 89 01 
03/27/20 13:43:59|FF16_2150_Middle2_EH.txt|24.77|27.39|0|96|1|0|420|perf-batt-PIR-reed-light|24.92|100825|7c 64 20 46 |a4 01 60 01 |bc 09 00 d9 89 01 
03/27/20 13:55:43|FF16_2150_Middle2_EH.txt|24.69|26.51|0|96|1|0|410|perf-batt-PIR-reed-light|24.86|100827|60 64 dc 43 |9a 01 60 01 |b6 09 00 db 89 01 
03/27/20 14:03:02|FF16_2150_Middle2_EH.txt|24.57|26.51|0|96|0|0|416|perf-batt-PIR-reed-light|24.71|100834|30 64 dc 43 |a0 01 60 00 |a7 09 00 e2 89 01 
03/27/20 14:08:17|FF16_2150_Middle2_EH.txt|24.46|26.51|0|96|0|0|412|perf-batt-PIR-reed-light|24.62|100834|04 64 dc 43 |9c 01 60 00 |9e 09 00 e2 89 01 
03/27/20 14:11:57|FF16_2150_Middle2_EH.txt|list index out of range||0|96|1|0|401|perf-batt-PIR-reed-light|24.57|100826||91 01 60 01 |99 09 00 da 89 01 
03/27/20 14:17:02|FF16_2150_Middle2_EH.txt|24.37|26.51|0|96|1|0|405|perf-batt-PIR-reed-light|24.53|100825|e0 63 dc 43 |95 01 60 01 |95 09 00 d9 89 01 
03/27/20 14:18:58|FF16_2150_Middle2_EH.txt|-40.0|0.0|0|96|1|0|404|perf-batt-PIR-reed-light|24.53|100829|00 00 00 00 |94 01 60 01 |95 09 00 dd 89 01 
03/27/20 14:35:16|FF16_2150_Middle2_EH.txt|24.3|26.78|0|96|0|0|398|perf-batt-PIR-reed-light|24.44|100830|c4 63 90 44 |8e 01 60 00 |8c 09 00 de 89 01 
03/27/20 14:38:34|FF16_2150_Middle2_EH.txt|-40.0|0.0|0|96|1|0|387|perf-batt-PIR-reed-light|24.41|100832|00 00 00 00 |83 01 60 01 |89 09 00 e0 89 01 
03/27/20 14:38:37|FF16_2150_Middle2_EH.txt|-40.0|0.0|0|96|1|0|387|perf-batt-PIR-reed-light|24.41|100831|00 00 00 00 |83 01 60 01 |89 09 00 df 89 01 
03/27/20 14:45:56|FF16_2150_Middle2_EH.txt|24.18|27.17|0|97|0|0|386|perf-batt-PIR-reed-light|24.32|100832|94 63 90 45 |82 01 61 00 |80 09 00 e0 89 01 
03/27/20 14:53:09|FF16_2150_Middle2_EH.txt|-40.0|0.0|0|97|1|0|373|perf-batt-PIR-reed-light|24.25|100841|00 00 00 00 |75 01 61 01 |79 09 00 e9 89 01 