03/26/20 22:08:21|FF19_2150_Middle2_Batt.txt|-40.0|0.0|0|0|1|0|282|perf-batt-PIR-reed-light|24.0|100510|00 00 00 00 |1a 01 00 01 |60 09 00 9e 88 01 
03/26/20 22:09:46|FF19_2150_Middle2_Batt.txt|-40.0|0.0|0|0|1|0|280|perf-batt-PIR-reed-light|24.01|100505|00 00 00 00 |18 01 00 01 |61 09 00 99 88 01 
03/26/20 22:20:08|FF19_2150_Middle2_Batt.txt|list index out of range||0|0|0|0|6|perf-batt-PIR-reed-light|23.94|100500||06 00 00 00 |5a 09 00 94 88 01 
03/26/20 22:30:20|FF19_2150_Middle2_Batt.txt|-40.0|0.0|0|0|0|0|6|perf-batt-PIR-reed-light|23.88|100515|00 00 00 00 |06 00 00 00 |54 09 00 a3 88 01 
03/26/20 22:40:37|FF19_2150_Middle2_Batt.txt|-40.0|0.0|0|0|0|0|6|perf-batt-PIR-reed-light|23.82|100521|00 00 00 00 |06 00 00 00 |4e 09 00 a9 88 01 
03/26/20 22:50:53|FF19_2150_Middle2_Batt.txt|-40.0|0.0|0|0|0|0|6|perf-batt-PIR-reed-light|23.76|100514|00 00 00 00 |06 00 00 00 |48 09 00 a2 88 01 
03/26/20 23:01:11|FF19_2150_Middle2_Batt.txt|-40.0|0.0|0|0|0|0|5|perf-batt-PIR-reed-light|23.69|100499|00 00 00 00 |05 00 00 00 |41 09 00 93 88 01 
03/26/20 23:11:25|FF19_2150_Middle2_Batt.txt|-40.0|0.0|0|0|0|0|6|perf-batt-PIR-reed-light|23.64|100515|00 00 00 00 |06 00 00 00 |3c 09 00 a3 88 01 
03/26/20 23:21:40|FF19_2150_Middle2_Batt.txt|-40.0|0.0|0|0|0|0|6|perf-batt-PIR-reed-light|23.62|100502|00 00 00 00 |06 00 00 00 |3a 09 00 96 88 01 
03/26/20 23:31:58|FF19_2150_Middle2_Batt.txt|-40.0|0.0|0|0|0|0|6|perf-batt-PIR-reed-light|23.6|100502|00 00 00 00 |06 00 00 00 |38 09 00 96 88 01 
03/26/20 23:42:13|FF19_2150_Middle2_Batt.txt|-40.0|0.0|0|0|0|0|6|perf-batt-PIR-reed-light|23.56|100484|00 00 00 00 |06 00 00 00 |34 09 00 84 88 01 
03/26/20 23:52:26|FF19_2150_Middle2_Batt.txt|-40.0|0.0|0|0|0|0|5|perf-batt-PIR-reed-light|23.54|100488|00 00 00 00 |05 00 00 00 |32 09 00 88 88 01 
03/27/20 00:02:44|FF19_2150_Middle2_Batt.txt|-40.0|0.0|0|0|0|0|5|perf-batt-PIR-reed-light|23.52|100473|00 00 00 00 |05 00 00 00 |30 09 00 79 88 01 
03/27/20 00:13:01|FF19_2150_Middle2_Batt.txt|-40.0|0.0|0|0|0|0|5|perf-batt-PIR-reed-light|23.51|100470|00 00 00 00 |05 00 00 00 |2f 09 00 76 88 01 
03/27/20 00:23:15|FF19_2150_Middle2_Batt.txt|-40.0|0.0|0|0|0|0|6|perf-batt-PIR-reed-light|23.47|100470|00 00 00 00 |06 00 00 00 |2b 09 00 76 88 01 
03/27/20 00:33:30|FF19_2150_Middle2_Batt.txt|-40.0|0.0|0|0|0|0|6|perf-batt-PIR-reed-light|23.45|100472|00 00 00 00 |06 00 00 00 |29 09 00 78 88 01 
03/27/20 00:43:50|FF19_2150_Middle2_Batt.txt|-40.0|0.0|0|0|0|0|5|perf-batt-PIR-reed-light|23.4|100471|00 00 00 00 |05 00 00 00 |24 09 00 77 88 01 
03/27/20 00:54:08|FF19_2150_Middle2_Batt.txt|-40.0|0.0|0|0|0|0|5|perf-batt-PIR-reed-light|23.38|100471|00 00 00 00 |05 00 00 00 |22 09 00 77 88 01 
03/27/20 01:04:26|FF19_2150_Middle2_Batt.txt|-40.0|0.0|0|0|0|0|5|perf-batt-PIR-reed-light|23.37|100467|00 00 00 00 |05 00 00 00 |21 09 00 73 88 01 
03/27/20 01:14:42|FF19_2150_Middle2_Batt.txt|-40.0|0.0|0|0|0|0|6|perf-batt-PIR-reed-light|23.36|100447|00 00 00 00 |06 00 00 00 |20 09 00 5f 88 01 
03/27/20 01:24:56|FF19_2150_Middle2_Batt.txt|-40.0|0.0|0|0|0|0|6|perf-batt-PIR-reed-light|23.32|100441|00 00 00 00 |06 00 00 00 |1c 09 00 59 88 01 
03/27/20 01:35:16|FF19_2150_Middle2_Batt.txt|-40.0|0.0|0|0|0|0|5|perf-batt-PIR-reed-light|23.28|100439|00 00 00 00 |05 00 00 00 |18 09 00 57 88 01 
03/27/20 01:45:34|FF19_2150_Middle2_Batt.txt|-40.0|0.0|0|0|0|0|5|perf-batt-PIR-reed-light|23.29|100454|00 00 00 00 |05 00 00 00 |19 09 00 66 88 01 
03/27/20 01:55:54|FF19_2150_Middle2_Batt.txt|-40.0|0.0|0|0|0|0|5|perf-batt-PIR-reed-light|23.32|100451|00 00 00 00 |05 00 00 00 |1c 09 00 63 88 01 
03/27/20 02:06:10|FF19_2150_Middle2_Batt.txt|-40.0|0.0|0|0|0|0|5|perf-batt-PIR-reed-light|23.3|100457|00 00 00 00 |05 00 00 00 |1a 09 00 69 88 01 
03/27/20 02:16:25|FF19_2150_Middle2_Batt.txt|-40.0|0.0|0|0|0|0|5|perf-batt-PIR-reed-light|23.27|100451|00 00 00 00 |05 00 00 00 |17 09 00 63 88 01 
03/27/20 02:26:37|FF19_2150_Middle2_Batt.txt|-40.0|0.0|0|0|0|0|6|perf-batt-PIR-reed-light|23.25|100436|00 00 00 00 |06 00 00 00 |15 09 00 54 88 01 
03/27/20 02:36:54|FF19_2150_Middle2_Batt.txt|-40.0|0.0|0|0|0|0|5|perf-batt-PIR-reed-light|23.24|100434|00 00 00 00 |05 00 00 00 |14 09 00 52 88 01 
03/27/20 02:47:06|FF19_2150_Middle2_Batt.txt|-40.0|0.0|0|0|0|0|5|perf-batt-PIR-reed-light|23.23|100435|00 00 00 00 |05 00 00 00 |13 09 00 53 88 01 
03/27/20 02:57:20|FF19_2150_Middle2_Batt.txt|-40.0|0.0|0|0|0|0|5|perf-batt-PIR-reed-light|23.23|100423|00 00 00 00 |05 00 00 00 |13 09 00 47 88 01 
03/27/20 03:07:41|FF19_2150_Middle2_Batt.txt|list index out of range||0|0|0|0|5|perf-batt-PIR-reed-light|23.23|100415||05 00 00 00 |13 09 00 3f 88 01 
03/27/20 03:18:07|FF19_2150_Middle2_Batt.txt|list index out of range||0|0|0|0|5|perf-batt-PIR-reed-light|23.19|100408||05 00 00 00 |0f 09 00 38 88 01 
03/27/20 03:28:26|FF19_2150_Middle2_Batt.txt|list index out of range||0|0|0|0|5|perf-batt-PIR-reed-light|23.17|100397||05 00 00 00 |0d 09 00 2d 88 01 
03/27/20 03:38:41|FF19_2150_Middle2_Batt.txt|-40.0|0.0|0|0|0|0|5|perf-batt-PIR-reed-light|23.17|100395|00 00 00 00 |05 00 00 00 |0d 09 00 2b 88 01 
03/27/20 03:48:59|FF19_2150_Middle2_Batt.txt|-40.0|0.0|0|0|0|0|5|perf-batt-PIR-reed-light|23.16|100394|00 00 00 00 |05 00 00 00 |0c 09 00 2a 88 01 
03/27/20 03:59:24|FF19_2150_Middle2_Batt.txt|-40.0|0.0|0|0|0|0|5|perf-batt-PIR-reed-light|23.17|100371|00 00 00 00 |05 00 00 00 |0d 09 00 13 88 01 
03/27/20 04:09:41|FF19_2150_Middle2_Batt.txt|-40.0|0.0|0|0|0|0|5|perf-batt-PIR-reed-light|23.15|100389|00 00 00 00 |05 00 00 00 |0b 09 00 25 88 01 
03/27/20 04:20:05|FF19_2150_Middle2_Batt.txt|-40.0|0.0|0|0|0|0|5|perf-batt-PIR-reed-light|23.14|100400|00 00 00 00 |05 00 00 00 |0a 09 00 30 88 01 
03/27/20 04:30:24|FF19_2150_Middle2_Batt.txt|-40.0|0.0|0|0|0|0|5|perf-batt-PIR-reed-light|23.12|100387|00 00 00 00 |05 00 00 00 |08 09 00 23 88 01 
03/27/20 04:40:42|FF19_2150_Middle2_Batt.txt|-40.0|0.0|0|0|0|0|5|perf-batt-PIR-reed-light|23.12|100395|00 00 00 00 |05 00 00 00 |08 09 00 2b 88 01 
03/27/20 04:51:02|FF19_2150_Middle2_Batt.txt|list index out of range||0|0|0|0|6|perf-batt-PIR-reed-light|23.1|100401||06 00 00 00 |06 09 00 31 88 01 
03/27/20 05:01:20|FF19_2150_Middle2_Batt.txt|list index out of range||0|0|0|0|6|perf-batt-PIR-reed-light|23.07|100416||06 00 00 00 |03 09 00 40 88 01 
03/27/20 05:11:33|FF19_2150_Middle2_Batt.txt|-40.0|0.0|0|0|0|0|5|perf-batt-PIR-reed-light|23.05|100418|00 00 00 00 |05 00 00 00 |01 09 00 42 88 01 
03/27/20 05:21:49|FF19_2150_Middle2_Batt.txt|-40.0|0.0|0|0|0|0|5|perf-batt-PIR-reed-light|23.02|100427|00 00 00 00 |05 00 00 00 |fe 08 00 4b 88 01 
03/27/20 05:32:03|FF19_2150_Middle2_Batt.txt|-40.0|0.0|0|0|0|0|5|perf-batt-PIR-reed-light|23.02|100441|00 00 00 00 |05 00 00 00 |fe 08 00 59 88 01 
03/27/20 05:42:20|FF19_2150_Middle2_Batt.txt|-40.0|0.0|0|0|0|0|5|perf-batt-PIR-reed-light|23.01|100450|00 00 00 00 |05 00 00 00 |fd 08 00 62 88 01 
03/27/20 05:52:34|FF19_2150_Middle2_Batt.txt|-40.0|0.0|0|0|0|0|5|perf-batt-PIR-reed-light|22.83|100457|00 00 00 00 |05 00 00 00 |eb 08 00 69 88 01 
03/27/20 06:02:48|FF19_2150_Middle2_Batt.txt|-40.0|0.0|0|0|0|0|5|perf-batt-PIR-reed-light|22.71|100464|00 00 00 00 |05 00 00 00 |df 08 00 70 88 01 
03/27/20 06:13:02|FF19_2150_Middle2_Batt.txt|-40.0|0.0|0|0|0|0|5|perf-batt-PIR-reed-light|22.57|100473|00 00 00 00 |05 00 00 00 |d1 08 00 79 88 01 
03/27/20 06:23:17|FF19_2150_Middle2_Batt.txt|-40.0|0.0|0|0|0|0|5|perf-batt-PIR-reed-light|22.42|100494|00 00 00 00 |05 00 00 00 |c2 08 00 8e 88 01 
03/27/20 06:33:31|FF19_2150_Middle2_Batt.txt|-40.0|0.0|0|0|0|0|5|perf-batt-PIR-reed-light|22.27|100498|00 00 00 00 |05 00 00 00 |b3 08 00 92 88 01 
03/27/20 06:43:54|FF19_2150_Middle2_Batt.txt|-40.0|0.0|0|0|0|0|7|perf-batt-PIR-reed-light|22.28|100507|00 00 00 00 |07 00 00 00 |b4 08 00 9b 88 01 
03/27/20 06:54:16|FF19_2150_Middle2_Batt.txt|-40.0|0.0|0|0|0|0|13|perf-batt-PIR-reed-light|22.26|100518|00 00 00 00 |0d 00 00 00 |b2 08 00 a6 88 01 
03/27/20 07:04:31|FF19_2150_Middle2_Batt.txt|-40.0|0.0|0|0|0|0|60|perf-batt-PIR-reed-light|22.29|100536|00 00 00 00 |3c 00 00 00 |b5 08 00 b8 88 01 
03/27/20 07:14:46|FF19_2150_Middle2_Batt.txt|-40.0|0.0|0|0|0|0|152|perf-batt-PIR-reed-light|22.29|100546|00 00 00 00 |98 00 00 00 |b5 08 00 c2 88 01 
03/27/20 07:25:03|FF19_2150_Middle2_Batt.txt|-40.0|0.0|0|0|0|0|210|perf-batt-PIR-reed-light|22.33|100552|00 00 00 00 |d2 00 00 00 |b9 08 00 c8 88 01 
03/27/20 07:35:22|FF19_2150_Middle2_Batt.txt|-40.0|0.0|0|0|0|0|212|perf-batt-PIR-reed-light|22.4|100569|00 00 00 00 |d4 00 00 00 |c0 08 00 d9 88 01 
03/27/20 07:45:37|FF19_2150_Middle2_Batt.txt|-40.0|0.0|0|0|0|0|249|perf-batt-PIR-reed-light|22.45|100592|00 00 00 00 |f9 00 00 00 |c5 08 00 f0 88 01 
03/27/20 07:55:51|FF19_2150_Middle2_Batt.txt|-40.0|0.0|0|0|0|0|284|perf-batt-PIR-reed-light|22.51|100603|00 00 00 00 |1c 01 00 00 |cb 08 00 fb 88 01 
03/27/20 08:06:06|FF19_2150_Middle2_Batt.txt|-40.0|0.0|0|0|0|0|320|perf-batt-PIR-reed-light|22.61|100623|00 00 00 00 |40 01 00 00 |d5 08 00 0f 89 01 
03/27/20 08:16:26|FF19_2150_Middle2_Batt.txt|-40.0|0.0|0|0|0|0|333|perf-batt-PIR-reed-light|22.8|100640|00 00 00 00 |4d 01 00 00 |e8 08 00 20 89 01 
03/27/20 08:26:38|FF19_2150_Middle2_Batt.txt|-40.0|0.0|0|0|0|0|354|perf-batt-PIR-reed-light|22.94|100657|00 00 00 00 |62 01 00 00 |f6 08 00 31 89 01 
03/27/20 08:37:01|FF19_2150_Middle2_Batt.txt|-40.0|0.0|0|0|0|0|385|perf-batt-PIR-reed-light|23.03|100666|00 00 00 00 |81 01 00 00 |ff 08 00 3a 89 01 
03/27/20 08:47:19|FF19_2150_Middle2_Batt.txt|-40.0|0.0|0|0|0|0|397|perf-batt-PIR-reed-light|23.22|100689|00 00 00 00 |8d 01 00 00 |12 09 00 51 89 01 
03/27/20 08:57:41|FF19_2150_Middle2_Batt.txt|list index out of range||0|0|0|0|396|perf-batt-PIR-reed-light|23.37|100690||8c 01 00 00 |21 09 00 52 89 01 
03/27/20 09:07:56|FF19_2150_Middle2_Batt.txt|-40.0|0.0|0|0|0|0|384|perf-batt-PIR-reed-light|23.55|100697|00 00 00 00 |80 01 00 00 |33 09 00 59 89 01 
03/27/20 09:18:20|FF19_2150_Middle2_Batt.txt|list index out of range||0|0|0|0|366|perf-batt-PIR-reed-light|23.69|100697||6e 01 00 00 |41 09 00 59 89 01 
03/27/20 09:28:39|FF19_2150_Middle2_Batt.txt|-40.0|0.0|0|0|0|0|352|perf-batt-PIR-reed-light|23.84|100708|00 00 00 00 |60 01 00 00 |50 09 00 64 89 01 
03/27/20 09:39:06|FF19_2150_Middle2_Batt.txt|list index out of range||0|0|0|0|344|perf-batt-PIR-reed-light|23.99|100740||58 01 00 00 |5f 09 00 84 89 01 
03/27/20 09:49:23|FF19_2150_Middle2_Batt.txt|-40.0|0.0|0|0|0|0|333|perf-batt-PIR-reed-light|24.11|100744|00 00 00 00 |4d 01 00 00 |6b 09 00 88 89 01 
03/27/20 09:59:49|FF19_2150_Middle2_Batt.txt|-40.0|0.0|0|0|0|0|525|perf-batt-PIR-reed-light|24.3|100752|00 00 00 00 |0d 02 00 00 |7e 09 00 90 89 01 
03/27/20 10:10:19|FF19_2150_Middle2_Batt.txt|list index out of range||0|0|0|0|537|perf-batt-PIR-reed-light|24.63|100763||19 02 00 00 |9f 09 00 9b 89 01 
03/27/20 10:10:21|FF19_2150_Middle2_Batt.txt|-40.0|0.0|0|0|0|0|0|perf-batt-PIR-reed-light|0.0|0|00 00 00 00 |00 00 00 00 |00 00 00 00 00 00 
03/27/20 10:20:35|FF19_2150_Middle2_Batt.txt|-40.0|0.0|0|0|0|0|342|perf-batt-PIR-reed-light|24.89|100793|00 00 00 00 |56 01 00 00 |b9 09 00 b9 89 01 
03/27/20 10:23:24|FF19_2150_Middle2_Batt.txt|25.59|38.87|0|5|0|0|0|perf-batt-PIR-reed-light|26.07|100810|c4 65 84 63 |00 00 05 00 |2f 0a 00 ca 89 01 
03/27/20 10:23:59|FF19_2150_Middle2_Batt.txt|-40.0|0.0|0|0|0|0|470|perf-batt-PIR-reed-light|26.3|100806|00 00 00 00 |d6 01 00 00 |46 0a 00 c6 89 01 
03/27/20 10:26:47|FF19_2150_Middle2_Batt.txt|26.2|31.42|0|1|0|0|308|perf-batt-PIR-reed-light|26.7|100810|b4 66 70 50 |34 01 01 00 |6e 0a 00 ca 89 01 
03/27/20 10:28:36|FF19_2150_Middle2_Batt.txt|26.75|32.91|0|55|0|0|411|perf-batt-PIR-reed-light|27.27|100810|90 67 40 54 |9b 01 37 00 |a7 0a 00 ca 89 01 
03/27/20 10:30:47|FF19_2150_Middle2_Batt.txt|27.04|29.62|0|61|0|0|440|perf-batt-PIR-reed-light|27.41|100813|04 68 d4 4b |b8 01 3d 00 |b5 0a 00 cd 89 01 
03/27/20 10:31:17|FF19_2150_Middle2_Batt.txt|27.1|27.97|0|61|0|0|0|perf-batt-PIR-reed-light|0.0|0|1c 68 9c 47 |00 00 3d 00 |00 00 00 00 00 00 
03/27/20 10:31:21|FF19_2150_Middle2_Batt.txt|27.12|27.29|0|61|0|0|0|perf-batt-PIR-reed-light|27.48|100815|24 68 dc 45 |00 00 3d 00 |bc 0a 00 cf 89 01 
03/27/20 10:33:17|FF19_2150_Middle2_Batt.txt|list index out of range||0|57|0|0|0|perf-batt-PIR-reed-light|27.78|100813||00 00 39 00 |da 0a 00 cd 89 01 
03/27/20 10:34:54|FF19_2150_Middle2_Batt.txt|-40.0|0.0|0|56|0|0|0|perf-batt-PIR-reed-light|27.93|100817|00 00 00 00 |00 00 38 00 |e9 0a 00 d1 89 01 
03/27/20 10:45:15|FF19_2150_Middle2_Batt.txt|-40.0|0.0|0|57|0|0|432|perf-batt-PIR-reed-light|27.29|100817|00 00 00 00 |b0 01 39 00 |a9 0a 00 d1 89 01 
03/27/20 10:55:32|FF19_2150_Middle2_Batt.txt|-40.0|0.0|0|58|0|0|420|perf-batt-PIR-reed-light|27.2|100829|00 00 00 00 |a4 01 3a 00 |a0 0a 00 dd 89 01 
03/27/20 11:02:06|FF19_2150_Middle2_Batt.txt|-40.0|0.0|0|57|0|0|0|perf-batt-PIR-reed-light|27.25|100828|00 00 00 00 |00 00 39 00 |a5 0a 00 dc 89 01 
03/27/20 11:02:26|FF19_2150_Middle2_Batt.txt|-40.0|0.0|0|56|1|0|298|perf-batt-PIR-reed-light|27.28|100832|00 00 00 00 |2a 01 38 01 |a8 0a 00 e0 89 01 
03/27/20 11:03:42|FF19_2150_Middle2_Batt.txt|-40.0|0.0|0|57|1|0|288|perf-batt-PIR-reed-light|27.25|100832|00 00 00 00 |20 01 39 01 |a5 0a 00 e0 89 01 
03/27/20 11:05:11|FF19_2150_Middle2_Batt.txt|-40.0|0.0|0|57|1|0|413|perf-batt-PIR-reed-light|27.25|100835|00 00 00 00 |9d 01 39 01 |a5 0a 00 e3 89 01 
03/27/20 11:06:25|FF19_2150_Middle2_Batt.txt|-40.0|0.0|0|57|1|0|418|perf-batt-PIR-reed-light|27.25|100835|00 00 00 00 |a2 01 39 01 |a5 0a 00 e3 89 01 
03/27/20 11:07:29|FF19_2150_Middle2_Batt.txt|27.01|29.82|0|61|0|0|0|perf-batt-PIR-reed-light|27.36|100837|f8 67 54 4c |00 00 3d 00 |b0 0a 00 e5 89 01 
03/27/20 11:08:04|FF19_2150_Middle2_Batt.txt|-40.0|0.0|0|61|0|0|0|perf-batt-PIR-reed-light|27.42|100839|00 00 00 00 |00 00 3d 00 |b6 0a 00 e7 89 01 
03/27/20 11:08:22|FF19_2150_Middle2_Batt.txt|27.1|25.84|0|61|1|0|385|perf-batt-PIR-reed-light|27.42|100839|1c 68 24 42 |81 01 3d 01 |b6 0a 00 e7 89 01 
03/27/20 11:09:39|FF19_2150_Middle2_Batt.txt|26.98|25.63|0|61|1|0|381|perf-batt-PIR-reed-light|27.36|100838|ec 67 9c 41 |7d 01 3d 01 |b0 0a 00 e6 89 01 
03/27/20 11:11:09|FF19_2150_Middle2_Batt.txt|26.9|25.24|0|61|1|0|385|perf-batt-PIR-reed-light|27.29|100835|cc 67 9c 40 |81 01 3d 01 |a9 0a 00 e3 89 01 
03/27/20 11:12:22|FF19_2150_Middle2_Batt.txt|26.88|26.4|0|61|1|0|373|perf-batt-PIR-reed-light|27.27|100843|c4 67 98 43 |75 01 3d 01 |a7 0a 00 eb 89 01 
03/27/20 11:13:02|FF19_2150_Middle2_Batt.txt|-40.0|0.0|0|56|0|0|0|perf-batt-PIR-reed-light|27.43|100839|00 00 00 00 |00 00 38 00 |b7 0a 00 e7 89 01 
03/27/20 11:13:15|FF19_2150_Middle2_Batt.txt|27.05|32.64|0|57|1|0|436|perf-batt-PIR-reed-light|27.47|100842|08 68 8c 53 |b4 01 39 01 |bb 0a 00 ea 89 01 
03/27/20 11:14:44|FF19_2150_Middle2_Batt.txt|list index out of range||0|57|1|0|434|perf-batt-PIR-reed-light|27.42|100843||b2 01 39 01 |b6 0a 00 eb 89 01 
03/27/20 11:16:02|FF19_2150_Middle2_Batt.txt|27.0|25.05|0|57|1|0|432|perf-batt-PIR-reed-light|27.41|100842|f4 67 24 40 |b0 01 39 01 |b5 0a 00 ea 89 01 
03/27/20 11:17:25|FF19_2150_Middle2_Batt.txt|27.0|24.87|0|57|1|0|431|perf-batt-PIR-reed-light|27.42|100843|f4 67 a8 3f |af 01 39 01 |b6 0a 00 eb 89 01 
03/27/20 11:18:37|FF19_2150_Middle2_Batt.txt|26.95|25.34|0|57|1|0|429|perf-batt-PIR-reed-light|27.37|100843|e0 67 dc 40 |ad 01 39 01 |b1 0a 00 eb 89 01 
03/27/20 11:20:04|FF19_2150_Middle2_Batt.txt|26.93|25.04|0|57|1|0|427|perf-batt-PIR-reed-light|27.34|100841|d8 67 1c 40 |ab 01 39 01 |ae 0a 00 e9 89 01 
03/27/20 11:21:23|FF19_2150_Middle2_Batt.txt|-40.0|0.0|0|57|1|0|426|perf-batt-PIR-reed-light|27.31|100841|00 00 00 00 |aa 01 39 01 |ab 0a 00 e9 89 01 
03/27/20 11:22:46|FF19_2150_Middle2_Batt.txt|26.89|24.76|0|57|1|0|426|perf-batt-PIR-reed-light|27.31|100847|c8 67 60 3f |aa 01 39 01 |ab 0a 00 ef 89 01 
03/27/20 11:24:13|FF19_2150_Middle2_Batt.txt|-40.0|0.0|0|57|1|0|426|perf-batt-PIR-reed-light|27.32|100844|00 00 00 00 |aa 01 39 01 |ac 0a 00 ec 89 01 
03/27/20 11:25:22|FF19_2150_Middle2_Batt.txt|26.93|26.4|0|57|0|0|0|perf-batt-PIR-reed-light|27.35|100844|d8 67 98 43 |00 00 39 00 |af 0a 00 ec 89 01 
03/27/20 11:25:40|FF19_2150_Middle2_Batt.txt|26.94|26.01|0|57|1|0|422|perf-batt-PIR-reed-light|27.38|100843|dc 67 98 42 |a6 01 39 01 |b2 0a 00 eb 89 01 
03/27/20 11:27:05|FF19_2150_Middle2_Batt.txt|26.93|25.43|0|57|1|0|422|perf-batt-PIR-reed-light|27.39|100845|d8 67 1c 41 |a6 01 39 01 |b3 0a 00 ed 89 01 
03/27/20 11:28:29|FF19_2150_Middle2_Batt.txt|list index out of range||0|57|1|0|373|perf-batt-PIR-reed-light|0.0|0||75 01 39 01 |00 00 00 00 00 00 

03/27/20 11:40:13|FF19_2150_Middle2_Batt.txt|26.8|24.56|0|57|1|0|406|perf-batt-PIR-reed-light|27.21|100842|a4 67 e0 3e |96 01 39 01 |a1 0a 00 ea 89 01 
03/27/20 11:41:30|FF19_2150_Middle2_Batt.txt|26.8|24.46|0|57|1|0|412|perf-batt-PIR-reed-light|27.24|100834|a4 67 a0 3e |9c 01 39 01 |a4 0a 00 e2 89 01 
03/27/20 11:42:52|FF19_2150_Middle2_Batt.txt|26.8|24.66|0|57|1|0|409|perf-batt-PIR-reed-light|27.23|100839|a4 67 20 3f |99 01 39 01 |a3 0a 00 e7 89 01 
03/27/20 11:47:01|FF19_2150_Middle2_Batt.txt|26.75|24.37|0|57|1|0|410|perf-batt-PIR-reed-light|27.16|100837|90 67 60 3e |9a 01 39 01 |9c 0a 00 e5 89 01 
03/27/20 11:48:20|FF19_2150_Middle2_Batt.txt|26.75|24.37|0|57|1|0|407|perf-batt-PIR-reed-light|27.18|100832|90 67 60 3e |97 01 39 01 |9e 0a 00 e0 89 01 
03/27/20 11:49:46|FF19_2150_Middle2_Batt.txt|26.76|24.46|0|57|1|0|405|perf-batt-PIR-reed-light|27.22|100831|94 67 a0 3e |95 01 39 01 |a2 0a 00 df 89 01 
03/27/20 11:51:20|FF19_2150_Middle2_Batt.txt|26.75|24.76|0|57|1|0|406|perf-batt-PIR-reed-light|27.19|100832|90 67 60 3f |96 01 39 01 |9f 0a 00 e0 89 01 
03/27/20 11:52:43|FF19_2150_Middle2_Batt.txt|26.75|24.66|0|57|1|0|351|perf-batt-PIR-reed-light|27.21|100831|90 67 20 3f |5f 01 39 01 |a1 0a 00 df 89 01 
03/27/20 11:54:58|FF19_2150_Middle2_Batt.txt|26.21|25.41|0|57|0|0|459|perf-batt-PIR-reed-light|26.61|100822|b8 66 0c 41 |cb 01 39 00 |65 0a 00 d6 89 01 
03/27/20 12:14:58|FF19_2150_Middle2_Batt.txt|-40.0|0.0|0|57|1|0|421|perf-batt-PIR-reed-light|25.57|100807|00 00 00 00 |a5 01 39 01 |fd 09 00 c7 89 01 
03/27/20 12:28:47|FF19_2150_Middle2_Batt.txt|25.11|27.79|0|57|1|0|422|perf-batt-PIR-reed-light|25.5|100810|04 65 24 47 |a6 01 39 01 |f6 09 00 ca 89 01 
03/27/20 12:44:12|FF19_2150_Middle2_Batt.txt|25.08|28.28|0|57|1|0|411|perf-batt-PIR-reed-light|25.46|100805|f8 64 64 48 |9b 01 39 01 |f2 09 00 c5 89 01 
03/27/20 12:45:58|FF19_2150_Middle2_Batt.txt|25.06|28.18|0|57|1|0|404|perf-batt-PIR-reed-light|25.45|100801|f0 64 24 48 |94 01 39 01 |f1 09 00 c1 89 01 
03/27/20 13:01:17|FF19_2150_Middle2_Batt.txt|25.01|28.86|0|57|1|0|406|perf-batt-PIR-reed-light|25.4|100799|dc 64 e0 49 |96 01 39 01 |ec 09 00 bf 89 01 
03/27/20 13:15:45|FF19_2150_Middle2_Batt.txt|-40.0|0.0|0|57|1|0|391|perf-batt-PIR-reed-light|25.37|100802|00 00 00 00 |87 01 39 01 |e9 09 00 c2 89 01 
03/27/20 13:25:50|FF19_2150_Middle2_Batt.txt|-40.0|0.0|0|57|1|0|392|perf-batt-PIR-reed-light|25.32|100801|00 00 00 00 |88 01 39 01 |e4 09 00 c1 89 01 
03/27/20 13:30:08|FF19_2150_Middle2_Batt.txt|24.89|28.66|0|57|0|0|390|perf-batt-PIR-reed-light|25.29|100798|ac 64 60 49 |86 01 39 00 |e1 09 00 be 89 01 
03/27/20 13:36:07|FF19_2150_Middle2_Batt.txt|-40.0|0.0|0|57|1|0|385|perf-batt-PIR-reed-light|25.27|100795|00 00 00 00 |81 01 39 01 |df 09 00 bb 89 01 
03/27/20 13:40:45|FF19_2150_Middle2_Batt.txt|-40.0|0.0|0|57|1|0|379|perf-batt-PIR-reed-light|25.22|100797|00 00 00 00 |7b 01 39 01 |da 09 00 bd 89 01 
03/27/20 13:44:02|FF19_2150_Middle2_Batt.txt|-40.0|0.0|0|57|1|0|376|perf-batt-PIR-reed-light|25.18|100792|00 00 00 00 |78 01 39 01 |d6 09 00 b8 89 01 
03/27/20 13:55:49|FF19_2150_Middle2_Batt.txt|24.68|25.74|0|57|1|0|367|perf-batt-PIR-reed-light|25.1|100788|5c 64 e8 41 |6f 01 39 01 |ce 09 00 b4 89 01 
03/27/20 14:02:08|FF19_2150_Middle2_Batt.txt|24.59|25.74|0|57|0|0|371|perf-batt-PIR-reed-light|24.99|100787|38 64 e8 41 |73 01 39 00 |c3 09 00 b3 89 01 
03/27/20 14:07:23|FF19_2150_Middle2_Batt.txt|24.51|25.73|0|57|0|0|370|perf-batt-PIR-reed-light|24.9|100792|18 64 e0 41 |72 01 39 00 |ba 09 00 b8 89 01 
03/27/20 14:11:47|FF19_2150_Middle2_Batt.txt|24.43|25.83|0|57|1|0|360|perf-batt-PIR-reed-light|24.84|100788|f8 63 20 42 |68 01 39 01 |b4 09 00 b4 89 01 
03/27/20 14:16:54|FF19_2150_Middle2_Batt.txt|24.4|25.83|0|57|1|0|365|perf-batt-PIR-reed-light|24.82|100788|ec 63 20 42 |6d 01 39 01 |b2 09 00 b4 89 01 
03/27/20 14:19:03|FF19_2150_Middle2_Batt.txt|-40.0|0.0|0|57|1|0|364|perf-batt-PIR-reed-light|24.81|100784|00 00 00 00 |6c 01 39 01 |b1 09 00 b0 89 01 
03/27/20 14:34:19|FF19_2150_Middle2_Batt.txt|24.31|26.03|0|57|0|0|358|perf-batt-PIR-reed-light|24.72|100792|c8 63 a0 42 |66 01 39 00 |a8 09 00 b8 89 01 
03/27/20 14:38:36|FF19_2150_Middle2_Batt.txt|list index out of range||0|0|0|0|0|perf-batt-PIR-reed-light|list index out of range|||00 00 00 00 |
03/27/20 14:38:41|FF19_2150_Middle2_Batt.txt|24.28|26.21|0|57|1|0|354|perf-batt-PIR-reed-light|24.69|100785|bc 63 1c 43 |62 01 39 01 |a5 09 00 b1 89 01 
03/27/20 14:46:04|FF19_2150_Middle2_Batt.txt|24.19|26.41|0|57|0|0|348|perf-batt-PIR-reed-light|24.6|100790|98 63 9c 43 |5c 01 39 00 |9c 09 00 b6 89 01 
03/27/20 14:53:01|FF19_2150_Middle2_Batt.txt|24.13|26.41|0|57|1|0|337|perf-batt-PIR-reed-light|24.53|100800|80 63 9c 43 |51 01 39 01 |95 09 00 c0 89 01 
03/27/20 14:54:17|FF19_2150_Middle2_Batt.txt|24.1|26.4|0|57|1|0|343|perf-batt-PIR-reed-light|24.52|100798|74 63 94 43 |57 01 39 01 |94 09 00 be 89 01 